0.999991 0.00334075 0.00257164 -0.00333836 0.999994 -0.000931391 -0.00257473 0.000922798 0.999996 -0.0114006 0.0058196 0.0174114
0.968931 0.0495689 0.242314 -0.0588949 0.99777 0.0313922 -0.240218 -0.0446879 0.96969 -0.905665 -0.116237 -0.394035
0.985139 0.0207013 0.17051 -0.0309455 0.997858 0.0576431 -0.168951 -0.062063 0.983668 -0.453562 -0.0739441 -0.202416
0.995709 -0.0044185 -0.0924381 0.00432533 0.99999 -0.00120824 0.0924425 0.000803225 0.995718 0.365122 0.0359981 0.135482
-0.98442 0.0097286 0.175564 0.164419 -0.302953 0.938715 0.0623201 0.952956 0.296634 -0.762554 -3.2732 -4.7502
0.95103 -0.0316243 -0.307478 0.0317232 0.999486 -0.00467788 0.307468 -0.00530539 0.951544 1.18512 0.0531283 0.259988
0.923249 -0.0340732 -0.382689 0.0206326 0.999019 -0.0391723 0.383648 0.0282699 0.923047 1.41371 0.0390871 0.377408
0.872539 -0.0495211 -0.486028 0.0516955 0.998623 -0.00894302 0.485801 -0.0173223 0.873898 1.82219 0.0421626 0.426092
0.805842 -0.0864324 -0.585789 0.0989872 0.995032 -0.0106437 0.583798 -0.0494084 0.810394 2.39332 0.0770067 0.458158
